Project file located at 3\3_1\1
Current Time 2014-5-5   2:18:03
Current Time 2014-5-5   2:18:03
Current Time 2014-5-5   2:18:03
Current Time 2014-5-5   2:18:03
   1.90006e+009  -2.75222e+008   3.37741e+008  -3.99586e+008              0  -4.75014e+008  -3.37741e+008              0              0              0              0              0
  -2.75222e+008   9.50029e+008              0  -4.75014e+008   3.37741e+008  -1.99793e+008   -1.1213e+008              0              0              0              0              0
   3.37741e+008              0   2.65059e+009              0   7.25468e+008              0              0  -1.02538e+009  -3.37741e+008  -6.62649e+008              0              0
  -3.99586e+008  -4.75014e+008              0   3.80012e+009              0  -5.50443e+008              0   3.37741e+008  -3.99586e+008              0  -4.75014e+008  -3.37741e+008
              0   3.37741e+008   7.25468e+008              0   5.30119e+009              0   7.25468e+008  -6.62649e+008              0  -2.05077e+009  -3.37741e+008  -6.62649e+008
  -4.75014e+008  -1.99793e+008              0  -5.50443e+008              0   1.90006e+009              0              0  -4.75014e+008   3.37741e+008  -1.99793e+008   -1.1213e+008
  -3.37741e+008   -1.1213e+008              0              0   7.25468e+008              0   2.65059e+009              0   3.37741e+008  -6.62649e+008    1.1213e+008  -1.02538e+009
              0              0  -1.02538e+009   3.37741e+008  -6.62649e+008              0              0    1.3253e+009   -1.1213e+008   3.62734e+008              0              0
              0              0  -3.37741e+008  -3.99586e+008              0  -4.75014e+008   3.37741e+008   -1.1213e+008   1.90006e+009              0  -2.75222e+008    1.1213e+008
              0              0  -6.62649e+008              0  -2.05077e+009   3.37741e+008  -6.62649e+008   3.62734e+008              0   2.65059e+009   -1.1213e+008   3.62734e+008
              0              0              0  -4.75014e+008  -3.37741e+008  -1.99793e+008    1.1213e+008              0  -2.75222e+008   -1.1213e+008   9.50029e+008   3.37741e+008
              0              0              0  -3.37741e+008  -6.62649e+008   -1.1213e+008  -1.02538e+009              0    1.1213e+008   3.62734e+008   3.37741e+008    1.3253e+009
               istep         0           iteration         1
         Load Error=1.08314e-030
