Project file located at 3\3_1\1
Current Time 2014-5-4  15:28:31
Current Time 2014-5-4  15:28:31
Current Time 2014-5-4  15:28:31
Current Time 2014-5-4  15:28:31
   1.90006e+009  -2.75222e+008   3.37741e+008  -3.99586e+008              0  -4.75014e+008  -3.37741e+008              0              0              0              0
  -2.75222e+008   9.50029e+008              0  -4.75014e+008   3.37741e+008  -1.99793e+008   -1.1213e+008              0              0              0              0
   3.37741e+008              0   2.65059e+009              0   7.25468e+008              0              0  -1.02538e+009  -3.37741e+008              0              0
  -3.99586e+008  -4.75014e+008              0   3.80012e+009              0  -5.50443e+008              0   3.37741e+008  -3.99586e+008  -4.75014e+008  -3.37741e+008
              0   3.37741e+008   7.25468e+008              0   5.30119e+009              0   7.25468e+008  -6.62649e+008              0  -3.37741e+008  -6.62649e+008
  -4.75014e+008  -1.99793e+008              0  -5.50443e+008              0   1.90006e+009              0              0  -4.75014e+008  -1.99793e+008   -1.1213e+008
  -3.37741e+008   -1.1213e+008              0              0   7.25468e+008              0   2.65059e+009              0   3.37741e+008    1.1213e+008  -1.02538e+009
              0              0  -1.02538e+009   3.37741e+008  -6.62649e+008              0              0    1.3253e+009   -1.1213e+008              0              0
              0              0  -3.37741e+008  -3.99586e+008              0  -4.75014e+008   3.37741e+008   -1.1213e+008   1.90006e+009  -2.75222e+008    1.1213e+008
              0              0              0  -4.75014e+008  -3.37741e+008  -1.99793e+008    1.1213e+008              0  -2.75222e+008   9.50029e+008   3.37741e+008
              0              0              0  -3.37741e+008  -6.62649e+008   -1.1213e+008  -1.02538e+009              0    1.1213e+008   3.37741e+008    1.3253e+009
               istep         0           iteration         1
         Load Error=        11
               istep         0           iteration         2
         Load Error=4.16912e-031
         Load Error=4.13777e-031
Current Time 2014-5-4  15:29:38
     Index          Dispx          Dispy          Dispz
         0              0              0
         1   1.43214e-005              0
         2   2.62509e-005              0
         3              0  -1.96161e-005
         4   8.23283e-006  -3.74846e-005
         5    2.5728e-005  -6.36377e-006
         6              0  -8.49176e-006
         7   1.83857e-006              0
         8  -1.88028e-005   1.26151e-005
     Index          Dispx          Dispy          Dispz
         0              0              0
         1   1.43214e-005              0
         2   2.62509e-005              0
         3              0  -1.96161e-005
         4   8.23283e-006  -3.74846e-005
         5    2.5728e-005  -6.36377e-006
         6              0  -8.49176e-006
         7   1.83857e-006        -5e-005
         8  -1.88028e-005   1.26151e-005
     Index       StressXX       StressYY       StressXY
         0        2019.23       -30433.1       -4049.07
         1        6091.36       -22459.7        3179.64
         2        3621.05       -25.3061       -10342.3
         3       -451.077        3400.26        2601.52
Current Time 2014-5-4  15:29:38
Current Time 2014-5-4  15:29:38
