Project file located at 3\3_1\1
Current Time 2014-5-5  10:34:14
Current Time 2014-5-5  10:34:14
Current Time 2014-5-5  10:34:15
Current Time 2014-5-5  10:34:15
   1.90006e+009  -2.75222e+008   3.37741e+008  -3.99586e+008              0  -4.75014e+008  -3.37741e+008              0              0              0              0              0
  -2.75222e+008   9.50029e+008              0  -4.75014e+008   3.37741e+008  -1.99793e+008   -1.1213e+008              0              0              0              0              0
   3.37741e+008              0   2.65059e+009              0   7.25468e+008              0              0  -1.02538e+009  -3.37741e+008  -6.62649e+008              0              0
  -3.99586e+008  -4.75014e+008              0   3.80012e+009              0  -5.50443e+008              0   3.37741e+008  -3.99586e+008              0  -4.75014e+008  -3.37741e+008
              0   3.37741e+008   7.25468e+008              0   5.30119e+009              0   7.25468e+008  -6.62649e+008              0  -2.05077e+009  -3.37741e+008  -6.62649e+008
  -4.75014e+008  -1.99793e+008              0  -5.50443e+008              0   1.90006e+009              0              0  -4.75014e+008   3.37741e+008  -1.99793e+008   -1.1213e+008
  -3.37741e+008   -1.1213e+008              0              0   7.25468e+008              0   2.65059e+009              0   3.37741e+008  -6.62649e+008    1.1213e+008  -1.02538e+009
              0              0  -1.02538e+009   3.37741e+008  -6.62649e+008              0              0    1.3253e+009   -1.1213e+008   3.62734e+008              0              0
              0              0  -3.37741e+008  -3.99586e+008              0  -4.75014e+008   3.37741e+008   -1.1213e+008   1.90006e+009              0  -2.75222e+008    1.1213e+008
              0              0  -6.62649e+008              0  -2.05077e+009   3.37741e+008  -6.62649e+008   3.62734e+008              0   2.65059e+009   -1.1213e+008   3.62734e+008
              0              0              0  -4.75014e+008  -3.37741e+008  -1.99793e+008    1.1213e+008              0  -2.75222e+008   -1.1213e+008   9.50029e+008   3.37741e+008
              0              0              0  -3.37741e+008  -6.62649e+008   -1.1213e+008  -1.02538e+009              0    1.1213e+008   3.62734e+008   3.37741e+008    1.3253e+009
               istep         0           iteration         1
         Load Error=1.08314e-030
         Load Error=     0.568
               istep         0           iteration         2
         Load Error=7.23478e-031
         Load Error=7.14589e-031
Current Time 2014-5-5  10:34:40
     Index          Dispx          Dispy          Dispz
         0              0              0
         1   5.42101e-020              0
         2   5.42101e-020              0
         3              0  -9.54238e-005
         4   3.38813e-020   -0.000200779
         5              0  -9.54238e-005
         6              0  -1.66286e-005
         7  -3.89635e-020   -0.000575778
         8  -4.06576e-020  -1.66286e-005
     Index          Dispx          Dispy          Dispz
         0              0              0
         1   5.42101e-020              0
         2   5.42101e-020              0
         3              0  -9.54238e-005
         4   3.38813e-020   -0.000200779
         5              0  -9.54238e-005
         6              0  -1.66286e-005
         7  -3.89635e-020   -0.000575778
         8  -4.06576e-020  -1.66286e-005
     Index       StressXX       StressYY       StressXY
         0       -33413.4        -166667       -15798.8
         1       -33413.4        -166667        15798.8
         2       -33413.4        -166667       -99647.2
         3       -33413.4        -166667        99647.2
Current Time 2014-5-5  10:34:40
Current Time 2014-5-5  10:34:40
